85817849
8517750
85817850
01001900
01001901
01001902
01002000
01002001
01002010
01002020
01002900
01002901
01002902
01002903
01003000
01003001
01003010
01003900
85800600
01003901
01003902
01003903
01003904
01003905
01004000
01004010
01004900
01004901
01004902
01004903
01004904
01005000
01005010
01005020
01005030
01005900
01006000
01006001
01006020
01006030
01006040
01006900
01006901
01006903
01006904
01007000
01007010
01007020
01007030
01007040
01007050
01007060
01009906
01009907
01009908
01009999
01010000
01011903
01011904
01012000
01012001
08664150
08664200
08664210
85800001
85817001
85817871
85888888